{
 "cells": [
  {
   "cell_type": "markdown",
   "metadata": {},
   "source": [
    "## LETF Currency Universe Selection\n",
    "\n",
    "A few strategies to consider.\n",
    "\n",
    "- **Strategy 1:** Pair of top and bottom Leveraged Currency ETF, by correlation\n",
    "- A few top long LETF and bottom inverse LETF, by momentum\n",
    "\n",
    "Data from DB to be processed\n",
    "\n",
    "1. Determine average correlation between categories of LETF.\n",
    "2. Determine pair of categories with about ~-0.50 correlation.\n",
    "3. Find the optimum LETF pair within inversely correlated categories\n",
    "\n",
    "Analyze excluding Equity LETF"
   ]
  },
  {
   "cell_type": "code",
   "execution_count": 3,
   "metadata": {},
   "outputs": [],
   "source": [
    "import datetime\n",
    "import pandas as pd\n",
    "import numpy as np\n",
    "\n",
    "from tqdm import tqdm_notebook\n",
    "\n",
    "import pymysql\n",
    "import sqlalchemy as db\n",
    "from sqlalchemy import create_engine\n",
    "\n",
    "import matplotlib\n",
    "import matplotlib.pyplot as plt\n",
    "\n",
    "# connect to DB\n",
    "engine = create_engine(\n",
    "    \"mysql+pymysql://root:root@127.0.0.1:8889/trading?unix_socket=/Applications/MAMP/tmp/mysql/mysql.sock\")"
   ]
  },
  {
   "cell_type": "code",
   "execution_count": 4,
   "metadata": {
    "scrolled": false
   },
   "outputs": [],
   "source": [
    "# Get a df of all LETF with Symbol, ETFName, AssetClass, Category, ER, Leveraged, Inception\n",
    "query = \"SELECT Symbol, ETFName, AssetClass, Category, TotalAssets, Leveraged, Inverse, Inception, ER FROM etfdb_info WHERE Leveraged NOT IN ('No') ORDER BY TotalAssets DESC;\"\n",
    "df = pd.read_sql_query(sql = query, con = engine, index_col = 'Symbol', parse_dates = True)\n",
    "# Save this list to CSV file for future use\n",
    "data_path = '../../data/results'\n",
    "file_name = 'LETF_list_from_etfdb_info'\n",
    "df.to_csv('{}/{}.csv'.format(data_path, file_name))"
   ]
  },
  {
   "cell_type": "code",
   "execution_count": 5,
   "metadata": {},
   "outputs": [
    {
     "data": {
      "text/plain": [
       "Category               Inverse\n",
       "Leveraged Bonds        No          6\n",
       "                       Yes         5\n",
       "Leveraged Commodities  No          5\n",
       "                       Yes         5\n",
       "Leveraged Currency     No         12\n",
       "                       Yes         3\n",
       "Leveraged Equities     No         99\n",
       "                       Yes        52\n",
       "Leveraged Multi-Asset  No          2\n",
       "Leveraged Real Estate  No          4\n",
       "                       Yes         2\n",
       "Name: ETFName, dtype: int64"
      ]
     },
     "execution_count": 5,
     "metadata": {},
     "output_type": "execute_result"
    }
   ],
   "source": [
    "# Number of LETFs in each category\n",
    "df.groupby(['Category', 'Inverse']).ETFName.count()"
   ]
  },
  {
   "cell_type": "markdown",
   "metadata": {},
   "source": [
    "### ***Strategy 1:*** Leveraged Currency Pair by correlation\n",
    "\n",
    "- Review [UJPY, DJPY], [UJPY, DCHF], [UJPY, DEUR]\n",
    "- Review [DJPY, UCHF], and [DJPY, UEUR]"
   ]
  },
  {
   "cell_type": "code",
   "execution_count": 6,
   "metadata": {},
   "outputs": [
    {
     "name": "stdout",
     "output_type": "stream",
     "text": [
      "                                            ETFName Leveraged Inverse\n",
      "Symbol                                                               \n",
      "UEUR    VelocityShares Daily 4x Long EUR vs USD ETN        4x      No\n",
      "DEUR    VelocityShares Daily 4x Long USD vs EUR ETN        4x      No\n",
      "UCHF    VelocityShares Daily 4x Long CHF vs USD ETN        4x      No\n",
      "UAUD    VelocityShares Daily 4x Long AUD vs USD ETN        4x      No\n",
      "UGBP    VelocityShares Daily 4x Long GBP vs USD ETN        4x      No\n",
      "UJPY    VelocityShares Daily 4x Long JPY vs USD ETN        4x      No\n",
      "DAUD    VelocityShares Daily 4x Long USD vs AUD ETN        4x      No\n",
      "DGBP    VelocityShares Daily 4x Long USD vs GBP ETN        4x      No\n",
      "DJPY    VelocityShares Daily 4x Long USD vs JPY ETN        4x      No\n",
      "DCHF    VelocityShares Daily 4x Long USD vs CHF ETN        4x      No\n"
     ]
    }
   ],
   "source": [
    "# Filter df for currency LETF\n",
    "currency_df = df.loc[(df['AssetClass'] == 'Currency') & (df['Leveraged'] == '4x')]\n",
    "# Get a list of currency tickers\n",
    "tickers = currency_df.index.tolist()\n",
    "print(currency_df[['ETFName', 'Leveraged', 'Inverse']])"
   ]
  },
  {
   "cell_type": "code",
   "execution_count": 7,
   "metadata": {},
   "outputs": [
    {
     "data": {
      "text/plain": [
       "UEUR    31.620001\n",
       "DEUR    42.419998\n",
       "UCHF    32.080002\n",
       "UAUD    32.650002\n",
       "UGBP    32.169998\n",
       "UJPY    33.040001\n",
       "DAUD    67.176003\n",
       "DGBP    43.570000\n",
       "DJPY    27.294001\n",
       "DCHF    31.169001\n",
       "dtype: float64"
      ]
     },
     "execution_count": 7,
     "metadata": {},
     "output_type": "execute_result"
    }
   ],
   "source": [
    "# Incrementally build a DF of price for currency as LETF\n",
    "\n",
    "# Initialize with date as index\n",
    "query = \"SELECT DISTINCT(trade_date) AS date FROM etf_history WHERE ticker in ({}) ORDER BY trade_date ASC;\".format(str(tickers)[1:-1])\n",
    "hist_df = pd.read_sql_query(sql = query, con = engine, index_col = 'date', parse_dates = True)\n",
    "\n",
    "# populate with ticker\n",
    "for ticker in tickers:\n",
    "    query = \"SELECT trade_date as date, adj_close as price FROM etf_history WHERE ticker = '{}';\".format(ticker)\n",
    "    hist_df[ticker] = pd.read_sql_query(sql = query, con = engine, index_col = 'date', parse_dates = True)\n",
    "    \n",
    "hist_df.max(axis = 0, skipna = True)"
   ]
  },
  {
   "cell_type": "code",
   "execution_count": 8,
   "metadata": {},
   "outputs": [
    {
     "data": {
      "text/html": [
       "<div>\n",
       "<style scoped>\n",
       "    .dataframe tbody tr th:only-of-type {\n",
       "        vertical-align: middle;\n",
       "    }\n",
       "\n",
       "    .dataframe tbody tr th {\n",
       "        vertical-align: top;\n",
       "    }\n",
       "\n",
       "    .dataframe thead th {\n",
       "        text-align: right;\n",
       "    }\n",
       "</style>\n",
       "<table border=\"1\" class=\"dataframe\">\n",
       "  <thead>\n",
       "    <tr style=\"text-align: right;\">\n",
       "      <th></th>\n",
       "      <th>UEUR</th>\n",
       "      <th>DEUR</th>\n",
       "      <th>UCHF</th>\n",
       "      <th>UAUD</th>\n",
       "      <th>UGBP</th>\n",
       "      <th>UJPY</th>\n",
       "      <th>DAUD</th>\n",
       "      <th>DGBP</th>\n",
       "      <th>DJPY</th>\n",
       "      <th>DCHF</th>\n",
       "    </tr>\n",
       "  </thead>\n",
       "  <tbody>\n",
       "    <tr>\n",
       "      <th>UEUR</th>\n",
       "      <td>1.000000</td>\n",
       "      <td>-0.878341</td>\n",
       "      <td>0.481184</td>\n",
       "      <td>0.394357</td>\n",
       "      <td>0.448822</td>\n",
       "      <td>0.303652</td>\n",
       "      <td>-0.417241</td>\n",
       "      <td>-0.427138</td>\n",
       "      <td>-0.300109</td>\n",
       "      <td>-0.436841</td>\n",
       "    </tr>\n",
       "    <tr>\n",
       "      <th>DEUR</th>\n",
       "      <td>-0.878341</td>\n",
       "      <td>1.000000</td>\n",
       "      <td>-0.499930</td>\n",
       "      <td>-0.378387</td>\n",
       "      <td>-0.443712</td>\n",
       "      <td>-0.353914</td>\n",
       "      <td>0.464186</td>\n",
       "      <td>0.425717</td>\n",
       "      <td>0.330412</td>\n",
       "      <td>0.420378</td>\n",
       "    </tr>\n",
       "    <tr>\n",
       "      <th>UCHF</th>\n",
       "      <td>0.481184</td>\n",
       "      <td>-0.499930</td>\n",
       "      <td>1.000000</td>\n",
       "      <td>0.251675</td>\n",
       "      <td>0.310140</td>\n",
       "      <td>0.403387</td>\n",
       "      <td>-0.272832</td>\n",
       "      <td>-0.299954</td>\n",
       "      <td>-0.419407</td>\n",
       "      <td>-0.539828</td>\n",
       "    </tr>\n",
       "    <tr>\n",
       "      <th>UAUD</th>\n",
       "      <td>0.394357</td>\n",
       "      <td>-0.378387</td>\n",
       "      <td>0.251675</td>\n",
       "      <td>1.000000</td>\n",
       "      <td>0.421447</td>\n",
       "      <td>0.129864</td>\n",
       "      <td>-0.724313</td>\n",
       "      <td>-0.445053</td>\n",
       "      <td>-0.154450</td>\n",
       "      <td>-0.205271</td>\n",
       "    </tr>\n",
       "    <tr>\n",
       "      <th>UGBP</th>\n",
       "      <td>0.448822</td>\n",
       "      <td>-0.443712</td>\n",
       "      <td>0.310140</td>\n",
       "      <td>0.421447</td>\n",
       "      <td>1.000000</td>\n",
       "      <td>0.193720</td>\n",
       "      <td>-0.460596</td>\n",
       "      <td>-0.805738</td>\n",
       "      <td>-0.240242</td>\n",
       "      <td>-0.281850</td>\n",
       "    </tr>\n",
       "    <tr>\n",
       "      <th>UJPY</th>\n",
       "      <td>0.303652</td>\n",
       "      <td>-0.353914</td>\n",
       "      <td>0.403387</td>\n",
       "      <td>0.129864</td>\n",
       "      <td>0.193720</td>\n",
       "      <td>1.000000</td>\n",
       "      <td>-0.125448</td>\n",
       "      <td>-0.202553</td>\n",
       "      <td>-0.763669</td>\n",
       "      <td>-0.388192</td>\n",
       "    </tr>\n",
       "    <tr>\n",
       "      <th>DAUD</th>\n",
       "      <td>-0.417241</td>\n",
       "      <td>0.464186</td>\n",
       "      <td>-0.272832</td>\n",
       "      <td>-0.724313</td>\n",
       "      <td>-0.460596</td>\n",
       "      <td>-0.125448</td>\n",
       "      <td>1.000000</td>\n",
       "      <td>0.518861</td>\n",
       "      <td>0.140370</td>\n",
       "      <td>0.225020</td>\n",
       "    </tr>\n",
       "    <tr>\n",
       "      <th>DGBP</th>\n",
       "      <td>-0.427138</td>\n",
       "      <td>0.425717</td>\n",
       "      <td>-0.299954</td>\n",
       "      <td>-0.445053</td>\n",
       "      <td>-0.805738</td>\n",
       "      <td>-0.202553</td>\n",
       "      <td>0.518861</td>\n",
       "      <td>1.000000</td>\n",
       "      <td>0.232108</td>\n",
       "      <td>0.309925</td>\n",
       "    </tr>\n",
       "    <tr>\n",
       "      <th>DJPY</th>\n",
       "      <td>-0.300109</td>\n",
       "      <td>0.330412</td>\n",
       "      <td>-0.419407</td>\n",
       "      <td>-0.154450</td>\n",
       "      <td>-0.240242</td>\n",
       "      <td>-0.763669</td>\n",
       "      <td>0.140370</td>\n",
       "      <td>0.232108</td>\n",
       "      <td>1.000000</td>\n",
       "      <td>0.383186</td>\n",
       "    </tr>\n",
       "    <tr>\n",
       "      <th>DCHF</th>\n",
       "      <td>-0.436841</td>\n",
       "      <td>0.420378</td>\n",
       "      <td>-0.539828</td>\n",
       "      <td>-0.205271</td>\n",
       "      <td>-0.281850</td>\n",
       "      <td>-0.388192</td>\n",
       "      <td>0.225020</td>\n",
       "      <td>0.309925</td>\n",
       "      <td>0.383186</td>\n",
       "      <td>1.000000</td>\n",
       "    </tr>\n",
       "  </tbody>\n",
       "</table>\n",
       "</div>"
      ],
      "text/plain": [
       "          UEUR      DEUR      UCHF      UAUD      UGBP      UJPY      DAUD  \\\n",
       "UEUR  1.000000 -0.878341  0.481184  0.394357  0.448822  0.303652 -0.417241   \n",
       "DEUR -0.878341  1.000000 -0.499930 -0.378387 -0.443712 -0.353914  0.464186   \n",
       "UCHF  0.481184 -0.499930  1.000000  0.251675  0.310140  0.403387 -0.272832   \n",
       "UAUD  0.394357 -0.378387  0.251675  1.000000  0.421447  0.129864 -0.724313   \n",
       "UGBP  0.448822 -0.443712  0.310140  0.421447  1.000000  0.193720 -0.460596   \n",
       "UJPY  0.303652 -0.353914  0.403387  0.129864  0.193720  1.000000 -0.125448   \n",
       "DAUD -0.417241  0.464186 -0.272832 -0.724313 -0.460596 -0.125448  1.000000   \n",
       "DGBP -0.427138  0.425717 -0.299954 -0.445053 -0.805738 -0.202553  0.518861   \n",
       "DJPY -0.300109  0.330412 -0.419407 -0.154450 -0.240242 -0.763669  0.140370   \n",
       "DCHF -0.436841  0.420378 -0.539828 -0.205271 -0.281850 -0.388192  0.225020   \n",
       "\n",
       "          DGBP      DJPY      DCHF  \n",
       "UEUR -0.427138 -0.300109 -0.436841  \n",
       "DEUR  0.425717  0.330412  0.420378  \n",
       "UCHF -0.299954 -0.419407 -0.539828  \n",
       "UAUD -0.445053 -0.154450 -0.205271  \n",
       "UGBP -0.805738 -0.240242 -0.281850  \n",
       "UJPY -0.202553 -0.763669 -0.388192  \n",
       "DAUD  0.518861  0.140370  0.225020  \n",
       "DGBP  1.000000  0.232108  0.309925  \n",
       "DJPY  0.232108  1.000000  0.383186  \n",
       "DCHF  0.309925  0.383186  1.000000  "
      ]
     },
     "execution_count": 8,
     "metadata": {},
     "output_type": "execute_result"
    }
   ],
   "source": [
    "# Calculate correlation of daily price change between ETFs\n",
    "corr_df = hist_df.pct_change().corr()\n",
    "corr_df"
   ]
  },
  {
   "cell_type": "code",
   "execution_count": 9,
   "metadata": {},
   "outputs": [
    {
     "name": "stdout",
     "output_type": "stream",
     "text": [
      "Top 20 Inverse Correlated Currency ETN Pairs:\n",
      "UEUR  DEUR   -0.878341\n",
      "UGBP  DGBP   -0.805738\n",
      "DJPY  UJPY   -0.763669\n",
      "UAUD  DAUD   -0.724313\n",
      "UCHF  DCHF   -0.539828\n",
      "DEUR  UCHF   -0.499930\n",
      "DAUD  UGBP   -0.460596\n",
      "DGBP  UAUD   -0.445053\n",
      "DEUR  UGBP   -0.443712\n",
      "UEUR  DCHF   -0.436841\n",
      "      DGBP   -0.427138\n",
      "DJPY  UCHF   -0.419407\n",
      "DAUD  UEUR   -0.417241\n",
      "UJPY  DCHF   -0.388192\n",
      "DEUR  UAUD   -0.378387\n",
      "UJPY  DEUR   -0.353914\n",
      "UEUR  DJPY   -0.300109\n",
      "DGBP  UCHF   -0.299954\n",
      "UGBP  DCHF   -0.281850\n",
      "DAUD  UCHF   -0.272832\n",
      "dtype: float64\n"
     ]
    }
   ],
   "source": [
    "# Correlation sorted from low to high\n",
    "corr_sorted = hist_df.pct_change().corr().unstack().sort_values()\n",
    "print(\"Top 20 Inverse Correlated Currency ETN Pairs:\")\n",
    "print(corr_sorted.drop_duplicates().head(20))"
   ]
  },
  {
   "cell_type": "code",
   "execution_count": 10,
   "metadata": {},
   "outputs": [
    {
     "name": "stdout",
     "output_type": "stream",
     "text": [
      "Top 20 Uncorrelated Currency ETF Pairs:\n",
      "UJPY  DAUD    0.125448\n",
      "      UAUD    0.129864\n",
      "DJPY  DAUD    0.140370\n",
      "      UAUD    0.154450\n",
      "UGBP  UJPY    0.193720\n",
      "UJPY  DGBP    0.202553\n",
      "UAUD  DCHF    0.205271\n",
      "DAUD  DCHF    0.225020\n",
      "DGBP  DJPY    0.232108\n",
      "UGBP  DJPY    0.240242\n",
      "UAUD  UCHF    0.251675\n",
      "DAUD  UCHF    0.272832\n",
      "DCHF  UGBP    0.281850\n",
      "UCHF  DGBP    0.299954\n",
      "DJPY  UEUR    0.300109\n",
      "UJPY  UEUR    0.303652\n",
      "DGBP  DCHF    0.309925\n",
      "UCHF  UGBP    0.310140\n",
      "DJPY  DEUR    0.330412\n",
      "UJPY  DEUR    0.353914\n",
      "dtype: float64\n"
     ]
    }
   ],
   "source": [
    "# Most uncorrelated ETF pairs\n",
    "corr_sorted_abs = corr_sorted.abs().sort_values()\n",
    "corr_sorted_abs.head(20)\n",
    "print(\"Top 20 Uncorrelated Currency ETF Pairs:\")\n",
    "print(corr_sorted_abs.drop_duplicates().head(20))"
   ]
  },
  {
   "cell_type": "code",
   "execution_count": 11,
   "metadata": {},
   "outputs": [
    {
     "name": "stdout",
     "output_type": "stream",
     "text": [
      "Top 20 Directly Correlated Currency ETN Pairs:\n",
      "DAUD  DJPY    0.140370\n",
      "UJPY  UGBP    0.193720\n",
      "DCHF  DAUD    0.225020\n",
      "DJPY  DGBP    0.232108\n",
      "UCHF  UAUD    0.251675\n",
      "UJPY  UEUR    0.303652\n",
      "DGBP  DCHF    0.309925\n",
      "UCHF  UGBP    0.310140\n",
      "DEUR  DJPY    0.330412\n",
      "DJPY  DCHF    0.383186\n",
      "UAUD  UEUR    0.394357\n",
      "UJPY  UCHF    0.403387\n",
      "DEUR  DCHF    0.420378\n",
      "UAUD  UGBP    0.421447\n",
      "DGBP  DEUR    0.425717\n",
      "UGBP  UEUR    0.448822\n",
      "DAUD  DEUR    0.464186\n",
      "UEUR  UCHF    0.481184\n",
      "DAUD  DGBP    0.518861\n",
      "UEUR  UEUR    1.000000\n",
      "dtype: float64\n"
     ]
    }
   ],
   "source": [
    "print(\"Top 20 Directly Correlated Currency ETN Pairs:\")\n",
    "print(corr_sorted.drop_duplicates().tail(20))"
   ]
  },
  {
   "cell_type": "code",
   "execution_count": 12,
   "metadata": {},
   "outputs": [
    {
     "name": "stdout",
     "output_type": "stream",
     "text": [
      "Pairs of UJPY:\n",
      "DJPY   -0.763669\n",
      "DCHF   -0.388192\n",
      "DEUR   -0.353914\n",
      "DGBP   -0.202553\n",
      "DAUD   -0.125448\n",
      "UAUD    0.129864\n",
      "UGBP    0.193720\n",
      "UEUR    0.303652\n",
      "UCHF    0.403387\n",
      "UJPY    1.000000\n",
      "dtype: float64\n"
     ]
    }
   ],
   "source": [
    "# Look up correlation of all pairs with specific ETF\n",
    "print(\"Pairs of UJPY:\")\n",
    "print(corr_sorted.loc['UJPY'])"
   ]
  },
  {
   "cell_type": "code",
   "execution_count": 13,
   "metadata": {},
   "outputs": [
    {
     "name": "stdout",
     "output_type": "stream",
     "text": [
      "Pairs of DJPY:\n",
      "UJPY   -0.763669\n",
      "UCHF   -0.419407\n",
      "UEUR   -0.300109\n",
      "UGBP   -0.240242\n",
      "UAUD   -0.154450\n",
      "DAUD    0.140370\n",
      "DGBP    0.232108\n",
      "DEUR    0.330412\n",
      "DCHF    0.383186\n",
      "DJPY    1.000000\n",
      "dtype: float64\n"
     ]
    }
   ],
   "source": [
    "# Look up correlation of all pairs with specific ETF\n",
    "print(\"Pairs of DJPY:\")\n",
    "print(corr_sorted.loc['DJPY'])"
   ]
  },
  {
   "cell_type": "code",
   "execution_count": 14,
   "metadata": {},
   "outputs": [],
   "source": [
    "# Initial Fixed Allocation based on Inverse Volatility\n",
    "def volatility(ts):\n",
    "    vola_window = 20\n",
    "    return ts.pct_change().dropna().rolling(vola_window).std().mean()\n",
    "\n",
    "def weights_inverse_volatility(hist_df):\n",
    "    # Calculate inverse volatility for etfs and target positions weights\n",
    "    vola_table = hist_df.apply(volatility)\n",
    "    inv_vola_table = 1 / vola_table\n",
    "    sum_inv_vola = np.sum(inv_vola_table)\n",
    "    vola_target_weights = inv_vola_table / sum_inv_vola\n",
    "    \n",
    "    return vola_target_weights"
   ]
  },
  {
   "cell_type": "code",
   "execution_count": 17,
   "metadata": {},
   "outputs": [
    {
     "data": {
      "text/plain": [
       "UJPY    0.496353\n",
       "DJPY    0.503647\n",
       "dtype: float64"
      ]
     },
     "execution_count": 17,
     "metadata": {},
     "output_type": "execute_result"
    }
   ],
   "source": [
    "weights_inverse_volatility(hist_df[['UJPY', 'DJPY']])"
   ]
  },
  {
   "cell_type": "code",
   "execution_count": 18,
   "metadata": {},
   "outputs": [
    {
     "data": {
      "text/plain": [
       "UJPY    0.477725\n",
       "DCHF    0.522275\n",
       "dtype: float64"
      ]
     },
     "execution_count": 18,
     "metadata": {},
     "output_type": "execute_result"
    }
   ],
   "source": [
    "weights_inverse_volatility(hist_df[['UJPY', 'DCHF']])"
   ]
  },
  {
   "cell_type": "code",
   "execution_count": 19,
   "metadata": {},
   "outputs": [
    {
     "data": {
      "text/plain": [
       "UJPY    0.492333\n",
       "DEUR    0.507667\n",
       "dtype: float64"
      ]
     },
     "execution_count": 19,
     "metadata": {},
     "output_type": "execute_result"
    }
   ],
   "source": [
    "weights_inverse_volatility(hist_df[['UJPY', 'DEUR']])"
   ]
  },
  {
   "cell_type": "code",
   "execution_count": 15,
   "metadata": {},
   "outputs": [],
   "source": [
    "# Disconnect from DB    \n",
    "engine.dispose()"
   ]
  }
 ],
 "metadata": {
  "kernelspec": {
   "display_name": "Python 3",
   "language": "python",
   "name": "python3"
  },
  "language_info": {
   "codemirror_mode": {
    "name": "ipython",
    "version": 3
   },
   "file_extension": ".py",
   "mimetype": "text/x-python",
   "name": "python",
   "nbconvert_exporter": "python",
   "pygments_lexer": "ipython3",
   "version": "3.5.6"
  }
 },
 "nbformat": 4,
 "nbformat_minor": 4
}
